-0.7289592987362822,0.777563249621341,-0.22660139739659638,0.2513970032438454,-0.1973446015976356,0.248370082033679,-0.5489336126383182,-1.0896768993319716,-0.3169348686772425,-0.4462480127568199,-0.23757574540438844,-0.3880030505309398,
0.821267584380129,0.8745148439709572,-0.4018797974252298,0.6583623757153502,-0.7670030863005282,-0.2254975258848557,0.19521198074357235,-0.6201232752560915,0.39009651972767256,-0.15301028465404626,-0.25690038098919094,1.0898024197644087,
-0.33548783502676705,-1.3953554041642418,-1.41083057394586,-2.771782165277711,-1.3972543994476667,-0.13828218407412118,-0.3203646413187138,-0.6859417679505335,0.2608952813588011,0.6856364314943754,-0.25782591299589713,-0.7100335098474254,
-0.302354973504303,-0.32268256858371197,-1.9544827228240456,1.8163299109480622,0.041212673212137965,-0.2677822335779473,0.15503528158140267,0.34030579015679285,-0.2885499104614859,-0.018264512496241,0.4048826075205872,-0.3326881343616527,
1.6754210081149747,-0.1600742079016194,-1.0655970650976685,0.380665401444073,0.09134796543048782,-0.5693428473366149,0.4766143883428622,-1.2401452689214283,3.7726269030242285,0.612857927848415,-0.48667096268587257,-1.192394465623382,
-0.05703201630417756,-0.8454704739405376,-0.04883037174939492,0.9290230511332921,0.3528514427961344,0.2719945642379274,0.35226897805585644,-0.43334937231197984,0.3969868386221506,-0.2384556097789805,0.40642525826134035,0.27767776646777403,

1.1076560328483018
1.123083741719799
2.801147382858746
3.5373450855612316
1.414089805800589
0.13071883769563744
-0.26922769000126945
-1.5484588775147632
-3.026701075092428
-0.2359663703342988
0.6936893501486966
-0.9140492540008178
-0.0012337770457514486
